-446
498
1770
3320
3713
3855
4655
4716
3866
3336
2123
841
-67
-2015
-3671
-4484
-5274
-5096
-5295
-5493
-3979
-3235
-2260
-2051
-1420
-567
-548
69
-57
-239
-782
-220
-788
-1956
-2134
-3332
-3660
-4968
-5736
-5515
-4857
-4367
-3920
-3496
-3646
-3391
-3049
-2014
-1496
-2201
-1915
-2118
-2553
-2370
-2014
-1727
-2335
-2584
-2417
-1843
-1965
-1860
-2183
-2511
-1795
-869
-782
-224
-112
-610
-642
-125
-471
27
-1608
-1320
-1322
-1401
-1147
-1848
-1498
-789
500
696
681
729
1367
1506
1018
909
427
284
-799
-1672
-2509
-3770
-3924
-3903
-3799
-3592
-3778
-3241
-2532
-1992
-1112
-20
1674
2237
2595
2513
1221
708
36
452
-634
-1457
-2377
-3722
-3632
-3514
-3112
-3321
-2056
-2052
-832
1277
1697
2285
3078
3345
2828
2902
2111
1875
693
647
-723
-1843
-2300
-3688
-4094
-3711
-4599
-4261
-3651
-2581
-2427
-2206
-999
12
864
1582
1550
1778
1805
1102
1576
1169
-165
-518
-1670
-1784
-1583
-2259
-1817
-1512
-855
451
685
698
649
606
875
1247
1454
1816
1630
2103
1603
2629
2526
1696
854
927
717
1081
1373
1419
1090
429
317
822
894
124
35
-17
-776
-992
-1241
-2055
-1982
-1708
-1057
-325
-755
-828
-72
686
1404
3750
4196
4774
5064
5005
4271
3961
2746
1778
696
-15
540
-941
-850
-1730
-1749
-739
-106
68
523
1709
2077
2809
3248
3089
4123
4063
2380
1689
416
-132
-1542
-2499
-2977
-3067
-3981
-4135
-4069
-3824
-2103
-974
-631
865
2877
4120
3812
3820
4461
3773
3440
3051
1613
566
-2119
-3507
-4332
-5464
-4845
-5585
-5519
-4913
-3441
-3346
-1802
-878
-530
458
1120
1153
1316
1017
779
651
862
-480
-58
-1736
-2329
-2394
-2463
-2827
-2790
-2746
-2623
-1672
-969
-834
78
571
1201
1592
1095
651
810
824
480
223
606
65
211
47
-34
634
1180
1716
2474
2500
2806
2510
2466
2104
1799
1710
870
1574
689
-183
308
707
1131
1660
1941
1833
2271
2297
3119
3227
2845
2577
2519
1782
784
250
-345
-1332
-2227
-2631
-3738
-4584
-4818
-4549
-3800
-2288
-1009
-214
649
930
1598
1926
2334
1878
1871
2127
1297
590
-49
-1263
-2059
-2813
-3306
-3988
-3957
-3400
-2106
-886
1080
1574
5942
9028
11547
10569
7849
4093
-775
-4208
-6446
-6492
-4771
-1057
2582
4987
6051
6200
3712
1586
-1478
-5077
-8125
-7812
-6404
-2716
374
4004
7039
8488
7776
5878
1919
-1868
-4944
-6499
-6240
-5253
-3217
761
3795
5067
5875
4195
1746
-1880
-4162
-5498
-6184
-4358
-1145
3318
6544
9743
11533
9970
7029
2529
-1317
-4060
-5086
-5155
-2736
-683
1687
4509
6341
6263
3413
305
-4016
-6976
-8956
-9892
-8701
-6189
-2231
2258
4832
6622
5991
3517
257
-3799
-7010
-9228
-8087
-6331
-3760
-281
2560
4116
4412
3036
-346
-4315
-7784
-11115
-12237
-9938
-5931
-2024
2328
5636
8779
8949
6714
2886
-1590
-4536
-6686
-7466
-6155
-3860
310
3569
5131
5786
3976
382
-2516
-5611
-8341
-8851
-7803
-5392
-849
4172
6533
8340
7603
5213
1592
-2502
-5554
-7762
-7680
-6102
-3408
-606
1957
4023
4278
2063
-871
-4033
-8121
-9856
-10494
-8599
-5831
-2692
561
3791
5512
4715
2978
-1140
-4736
-8353
-10337
-10228
-8905
-6096
-2112
597
2843
2384
1092
-1066
-5858
-9411
-11090
-11473
-9691
-6854
-2763
1182
4897
6516
6281
3922
375
-3448
-6250
-8156
-7960
-5171
-1839
1297
4785
6196
5094
2847
-1148
-4907
-8157
-9405
-9667
-8336
-4871
-2084
2028
5516
6253
6501
4583
1112
-2130
-3972
-5633
-5554
-4179
-1792
1904
4254
5876
5522
3947
963
-2240
-5934
-8313
-9299
-8078
-4816
-447
3055
6614
8822
8627
7439
3668
-661
-4673
-5658
-5421
-3909
-1026
1556
5556
7090
6942
5408
2433
-1236
-5079
-7059
-6568
-4492
-717
2852
6198
9113
10530
10581
7422
4782
890
-2575
-5025
-6070
-4123
-1368
1134
3243
4683
5506
3598
-236
-3942
-7317
-10759
-11038
-9528
-5963
-939
3643
6555
7435
8330
6115
2700
-1066
-4141
-6075
-6498
-5201
-2396
605
3109
4855
4745
3836
-564
-3549
-6167
-9370
-9912
-8589
-6221
-2606
841
4873
6843
7072
5256
1313
-2604
-5399
-7760
-7366
-5798
-3075
656
3787
5272
5860
3537
785
-2584
-6119
-8163
-9298
-7398
-4502
-864
3605
6256
6991
5815
4068
178
-2441
-6504
-7260
-7119
-5479
-2871
658
3491
5681
5642
3892
552
-3194
-6420
-9514
-10630
-8732
-5544
-1622
2422
5745
7021
6303
4367
645
-2683
-6554
-7686
-7441
-5667
-2335
1747
5002
5551
4766
2646
-424
-3800
-7481
-9488
-10232
-8978
-6521
-2873
573
3331
5551
4800
4154
1144
-2389
-5912
-7315
-7691
-6023
-1895
1248
4607
5791
5682
4809
1364
-1363
-4363
-6855
-6977
-5051
-1748
1306
4824
7688
9043
8853
6672
2536
-1013
-3880
-5464
-5068
-3132
-178
2956
4855
6680
6716
5075
1319
-2876
-5627
-7812
-7905
-6477
-3475
884
4462
7462
8584
7849
5464
2205
-1733
-4178
-6431
-6566
-5140
-1514
1875
5246
6080
6170
4845
1752
-1422
-5122
-6659
-6044
-4968
-2327
2216
6805
9389
10476
9781
6833
2991
-1187
-4638
-6377
-6268
-3824
-1532
2231
4895
6422
6634
4180
1209
-2455
-5622
-7729
-6978
-5973
-3284
298
3952
6692
8810
9133
6662
2899
-508
-3897
-5365
-5375
-4616
-1046
3039
5393
6669
6633
4913
2054
-678
-4233
-6908
-8102
-7017
-3951
965
4648
7820
9265
9427
8496
4742
682
-2016
-3623
-2938
-1271
1118
4464
7642
9457
9443
8021
5338
2190
-1016
-3472
-4013
-2115
300
4250
7792
10649
12552
11966
9562
5268
1770
-1217
-2110
-2595
-1099
1645
5535
8110
9695
9786
7948
4475
777
-2145
-5012
-5526
-4592
-1085
1888
5395
8492
10606
9959
7342
4842
273
-4048
-5621
-5959
-4862
-1629
1789
4345
5329
5767
4339
1179
-1565
-5542
-8567
-9395
-7988
-4842
-1043
3077
5473
7714
7259
5703
2566
-839
-3620
-5162
-4904
-2641
205
3740
6392
8611
8018
6998
3670
-939
-4369
-7038
-7152
-6145
-3404
-466
3278
5133
5904
6033
4413
1410
-2662
-5684
-7390
-7999
-5556
-2284
826
3620
5291
4127
2233
-1180
-5299
-8677
-9796
-9806
-8553
-5100
-328
1156
2092
2511
3424
3903
4349
4357
4306
3200
2909
1929
1909
491
489
-140
-962
-1409
-1491
-935
-134
238
992
2872
4426
5153
5498
5682
5899
5043
4413
2905
2393
1942
898
985
-295
-1517
-1659
-1205
-276
-340
519
856
1160
1999
2644
2040
2938
3627
3133
3079
2986
2712
2001
1263
923
1274
1357
1050
1426
-6
737
-16
-29
-464
-1026
-375
-681
-641
-882
-898
-1148
-2079
-1751
-2132
-2938
-3003
-1944
-1147
-898
-582
-228
1338
1903
2368
2984
2996
2572
2021
1397
688
319
-413
-735
-1374
-1760
-3009
-2480
-2041
-1063
-1936
-42
714
2111
2299
3224
3078
2941
3864
3393
2897
2532
1811
832
-31
231
-673
-1219
-1068
-627
117
817
810
2425
2657
3673
4065
4685
5299
5647
5762
6203
5753
4725
4176
3642
1838
1086
522
-364
-132
-449
-349
-158
343
423
440
2066
2337
2434
1788
1768
1184
1934
2111
1222
1747
1501
560
-1429
-782
-1941
-3023
-2513
-1130
-204
384
1053
1875
2614
3037
3277
3322
2895
2615
1513
1194
367
-510
-685
-198
76
-866
-1381
-795
-1158
-1063
-550
-847
-612
-1187
-1434
-1282
-2209
-2121
-2331
-2264
-2364
-1833
-1891
-2130
-1953
-1438
-1079
-633
-512
-336
-553
809
468
292
-51
269
-216
-50
-1014
-1529
-2626
-2111
-3250
-3423
-3236
-2954
-2765
-2331
-1628
-899
467
2443
2863
2740
3114
4623
4065
4524
4722
3534
2801
2532
1201
62
-1103
-2253
-2924
-3588
-3288
-3142
-2243
-2115
-896
569
480
1504
2739
2428
3347
3295
2394
1631
1028
79
-637
-2046
-2727
-4025
-4375
-4867
-4990
-3841
-2603
-1498
-1206
-480
976
1724
3413
3842
3934
3543
3189
2522
2188
1906
708
-688
-2199
-2312
-3097
-4216
-3803
-2172
-1778
-875
-354
55
934
1076
1401
1623
1207
1556
1195
488
447
-329
-561
-744
-281
-72
-49
476
1320
1718
1810
1184
657
470
49
-221
-430
-441
-789
-828
-1042
-2220
-2705
-2636
-2988
-2268
-996
129
504
1732
2158
2216
1994
1778
1348
1047
591
-56
-538
-642
-841
-2197
-3895
-3529
-4149
-3920
-3963
-4128
-2920
-1557
-912
-1370
-858
-57
-476
-272
-447
-565
-1142
-2434
-2663
-3621
-4429
-5550
-6185
-6780
-6711
-5392
-5450
-5385
-3544
-2532
-1756
-170
382
1981
2679
2475
3359
2507
2148
1386
1050
809
-181
-1430
-1829
-2580
-1663
-1497
-1346
-699
-695
-381
1082
1500
1611
2389
3276
3668
3961
3129
1812
1921
995
117
118
-203
-442
358
-156
330
501
903
2027
2621
3210
4010
3961
3572
2983
1832
2696
1801
1339
837
660
784
980
499
339
500
450
1406
1766
2228
2596
3150
3089
2183
2107
1418
770
699
972
646
558
1292
1359
2767
3182
2488
3201
3728
4692
5239
5246
4558
4262
3470
2676
2359
2480
1850
398
-111
-125
-927
-1259
-1282
-1484
-714
-177
770
1102
1685
2801
3193
4478
4387
4369
4450
3060
1334
-365
-663
-1924
-1487
-2566
-3026
-2532
-1555
-314
700
1813
2842
